$ 1 5.0E-6 89.03963197220334 35 5.0 43
f 304 32 352 32 0 1.5
f 304 96 352 96 0 1.5
a 160 16 240 16 1 15.0 -15.0 1000000.0
R 160 32 128 32 0 3 1000.0 5.0 0.0 0.0 0.5
l 384 64 448 64 0 0.02 1.0004408888969043
w 448 64 496 64 0
R 80 0 48 0 0 1 40.0 5.0 0.0 0.0 0.5
v 336 0 272 0 0 0 40.0 15.0 0.0 0.0 0.5
r 496 64 576 64 0 10.0
160 272 0 272 32 0 20.0 1.0E10
w 240 16 288 16 0
r 288 32 288 80 0 100000.0
r 256 96 256 144 0 100000.0
w 256 32 256 96 0
w 288 80 288 144 0
w 256 96 304 96 0
w 256 144 288 144 0
w 304 32 288 32 0
w 288 144 352 144 0
w 352 112 352 144 0
w 352 48 352 64 0
w 352 64 352 80 0
w 336 0 352 0 0
w 352 0 352 16 0
d 384 64 384 0 1 0.805904783
d 384 144 384 64 1 0.805904783
w 352 0 384 0 0
w 352 64 384 64 0
w 352 144 384 144 0
R 384 0 416 0 0 0 40.0 18.0 0.0 0.0 0.5
R 384 144 416 144 0 0 40.0 -18.0 0.0 0.0 0.5
w 80 0 160 0 0
w 80 176 160 176 0
R 384 320 416 320 0 0 40.0 -18.0 0.0 0.0 0.5
R 384 176 416 176 0 0 40.0 18.0 0.0 0.0 0.5
w 352 320 384 320 0
w 352 240 384 240 0
w 352 176 384 176 0
d 384 320 384 240 1 0.805904783
d 384 240 384 176 1 0.805904783
w 352 176 352 192 0
w 336 176 352 176 0
w 352 240 352 256 0
w 352 224 352 240 0
w 352 288 352 320 0
w 288 320 352 320 0
w 304 208 288 208 0
w 256 320 288 320 0
w 256 272 304 272 0
w 288 256 288 320 0
w 256 208 256 272 0
r 256 272 256 320 0 100000.0
r 288 208 288 256 0 100000.0
w 240 192 288 192 0
160 272 176 272 208 0 20.0 1.0E10
v 336 176 272 176 0 0 40.0 15.0 0.0 0.0 0.5
R 80 176 48 176 0 1 40.0 5.0 0.0 -2.0943951023931953 0.5
l 384 240 448 240 0 0.02 0.1614269578874041
R 160 208 128 208 0 3 1000.0 5.0 0.0 -2.0943951023931953 0.5
a 160 192 240 192 1 15.0 -15.0 1000000.0
f 304 272 352 272 0 1.5
f 304 208 352 208 0 1.5
w 80 352 160 352 0
R 384 496 416 496 0 0 40.0 -18.0 0.0 0.0 0.5
R 384 352 416 352 0 0 40.0 18.0 0.0 0.0 0.5
w 352 496 384 496 0
w 352 416 384 416 0
w 352 352 384 352 0
d 384 496 384 416 1 0.805904783
d 384 416 384 352 1 0.805904783
w 352 352 352 368 0
w 336 352 352 352 0
w 352 416 352 432 0
w 352 400 352 416 0
w 352 464 352 496 0
w 288 496 352 496 0
w 304 384 288 384 0
w 256 496 288 496 0
w 256 448 304 448 0
w 288 432 288 496 0
w 256 384 256 448 0
r 256 448 256 496 0 100000.0
r 288 384 288 432 0 100000.0
w 240 368 288 368 0
160 272 352 272 384 0 20.0 1.0E10
v 336 352 272 352 0 0 40.0 15.0 0.0 0.0 0.5
R 80 352 48 352 0 1 40.0 5.0 0.0 2.0943951023931953 0.5
l 384 416 448 416 2 0.02 -1.1618678467843078
R 160 384 128 384 0 3 1000.0 5.0 0.0 2.0943951023931953 0.5
a 160 368 240 368 1 15.0 -15.0 1000000.0
f 304 448 352 448 0 1.5
f 304 384 352 384 0 1.5
r 496 240 576 240 0 10.0
w 448 240 496 240 0
r 496 416 576 416 0 10.0
w 448 416 496 416 0
162 576 64 624 64 1 2.1024259 1.0 0.0 0.0
162 624 96 576 96 1 2.1024259 0.0 0.0 1.0
w 576 64 576 96 0
w 624 64 624 96 0
w 624 240 624 272 0
w 576 240 576 272 0
162 624 272 576 272 1 2.1024259 0.0 0.0 1.0
162 576 240 624 240 1 2.1024259 1.0 0.0 0.0
w 624 416 624 448 0
w 576 416 576 448 0
162 624 448 576 448 1 2.1024259 0.0 0.0 1.0
162 576 416 624 416 1 2.1024259 1.0 0.0 0.0
w 624 416 624 272 0
w 624 240 624 96 0
o 8 64 0 35 20.0 1.6 0 -1
o 92 64 0 35 20.0 1.6 0 -1
o 94 64 0 35 20.0 1.6 0 -1
