$ 1 5.0E-6 10.20027730826997 50 5.0 48
c 384 224 384 320 0 1.02E-4 5.901582069611777E-5
r 464 224 464 320 0 430.0
x 499 280 529 284 0 16 load
R 80 160 48 160 0 1 40.0 50.0 0.0 0.0 0.5
R 80 208 48 208 0 1 40.0 50.0 0.0 2.0943951023931953 0.5
R 80 256 48 256 0 1 40.0 50.0 0.0 4.1887902047863905 0.5
w 80 160 144 160 0
w 80 208 192 208 0
w 80 256 240 256 0
w 240 336 192 336 0
w 464 320 464 336 0
w 464 336 240 336 0
w 384 320 384 336 0
w 384 224 384 96 0
w 464 224 464 96 0
w 464 96 384 96 0
w 384 96 272 96 0
d 144 160 144 96 1 0.805904783
d 192 208 192 96 1 0.805904783
d 240 256 240 96 1 0.805904783
d 144 336 144 160 1 0.805904783
d 192 336 192 208 1 0.805904783
d 240 336 240 256 1 0.805904783
w 144 336 192 336 0
w 144 96 192 96 0
w 240 96 192 96 0
w 272 96 240 96 0
o 1 32 0 35 160.0 0.2 0 -1 
