$ 1 5.0E-6 0.2954511527092107 35 5.0 43
w 272 256 272 352 0
R 208 144 176 144 0 0 40.0 15.0 0.0 0.0 0.5
R 560 352 624 352 0 0 40.0 0.0 0.0 0.0 0.5
w 272 224 272 144 0
r 480 352 560 352 0 0.1
R 544 144 608 144 0 0 40.0 0.0 0.0 0.0 0.5
f 224 240 272 240 0 1.5
160 208 144 208 208 0 20.0 1.0E10
w 224 208 224 240 0
r 224 240 224 336 0 100000.0
w 224 336 224 352 0
w 224 176 176 176 0
172 96 160 64 160 0 6 3.9 5.0 0.0 0.0 0.5 Voltage
a 96 176 176 176 1 15.0 -15.0 1000000.0
R 64 192 32 192 0 3 500.0 2.5 2.5 0.0 0.5
w 64 192 96 192 0
l 208 144 272 144 2 0.01 1.2720573853142774
w 416 144 464 144 0
w 224 352 272 352 0
d 304 352 304 144 1 0.805904783
w 272 144 304 144 0
w 304 144 336 144 0
w 304 352 272 352 0
w 304 352 336 352 0
w 336 352 368 352 0
d 336 144 416 144 1 0.805904783
c 416 144 416 352 0 1.0E-4 33.09879605048905
w 368 352 416 352 0
w 416 352 480 352 0
r 464 144 544 144 0 100.0
O 416 144 416 96 1
o 23 64 0 35 0.3125 3.2 0 -1
o 17 64 0 35 80.0 3.2 1 -1