$ 1 0.000005 10.20027730826997 63 10 62 5e-11
v 112 368 112 48 0 0 40 10 0 0 0.5
w 112 368 240 368 0
r 432 48 432 128 0 10000
r 432 128 432 208 0 10000
r 432 208 432 288 0 10000
r 432 288 432 368 0 10000
O 432 128 496 128 1 0
O 432 208 496 208 1 0
O 432 288 496 288 1 0
O 432 48 496 48 1 0
O 432 368 496 368 1 0
p 240 48 240 368 3 0 0
p 368 48 368 128 3 0 0
p 368 128 368 208 3 0 0
p 368 208 368 288 3 0 0
p 368 288 368 368 3 0 0
w 368 48 432 48 0
w 368 128 432 128 0
w 368 208 432 208 0
w 368 288 432 288 0
w 368 368 432 368 0
w 240 368 368 368 0
g 112 368 112 384 0 0
370 112 48 240 48 1 0 0
w 240 48 304 48 0
w 304 48 368 48 0
