$ 1 0.001 0.7087504708082256 43 300 50 5e-11
v 144 128 144 96 0 0 40 100 0 0 0.5
v 144 160 144 128 0 0 40 100 0 0 0.5
v 144 192 144 160 0 0 40 100 0 0 0.5
v 144 224 144 192 0 0 40 100 0 0 0.5
v 736 160 736 96 0 0 40 24 0 0 0.5
g 736 160 736 176 0 0
209 272 128 272 192 0 0.00009999999999999999 394.5769440149742 0.001 1
s 176 64 208 64 0 1 false
r 208 32 256 32 0 1000
s 176 256 208 256 0 0 false
w 176 64 144 64 0
w 272 64 272 128 0
w 256 32 256 64 0
w 208 64 256 64 0
w 256 64 272 64 0
w 176 32 144 32 0
w 144 32 144 64 0
w 176 256 144 256 0
w 272 256 272 192 0
s 336 96 336 128 0 1 true
181 384 128 384 256 0 300.0000000000003 100 400 0.01 0.01
w 336 96 336 64 0
w 272 64 336 64 0
w 336 64 384 64 0
r 336 176 336 224 0 1000
w 336 224 336 256 0
w 336 176 336 128 0
r 400 64 448 64 0 990000
r 400 256 448 256 0 990000
w 400 64 384 64 0
w 400 256 384 256 0
w 448 256 576 256 0
w 576 256 576 208 0
w 448 64 576 64 0
w 576 64 576 112 0
p 528 112 528 208 1 0 1
w 528 112 576 112 0
w 528 208 576 208 0
p 208 128 208 192 1 0 1
w 208 192 272 192 0
w 208 128 272 128 0
s 384 96 384 128 0 1 false
w 384 96 384 64 0
404 208 256 272 256 1 0.03 30000 0 false
w 384 256 336 256 0
w 336 256 272 256 0
s 48 64 80 64 0 1 true
s 48 160 80 160 0 1 true
s 48 256 80 256 0 1 true
w 128 256 144 256 0
w 128 160 144 160 0
w 128 64 144 64 0
g 48 64 32 64 0 0
g 48 160 32 160 0 0
g 48 256 32 256 0 0
r 80 64 128 64 0 1000
r 80 160 128 160 0 1000
r 80 256 128 256 0 1000
r 576 112 576 160 0 10000
r 576 160 576 208 0 10000
p 624 112 624 160 1 0 1
w 576 160 624 160 0
w 688 160 736 160 0
w 624 112 576 112 0
p 768 96 768 160 1 0 0
w 768 160 736 160 0
w 736 96 768 96 0
s 176 32 208 32 0 1 false
w 624 160 688 160 0
207 272 64 320 16 4 HV\p\s(DC\sbus)
207 272 256 320 304 4 HV-\s(DC\sbus)
207 736 96 768 64 4 LV\p
207 768 160 800 192 4 LV-\s(ground)
370 144 96 144 64 1 0 1
370 144 256 144 224 1 0 1
