$ 1 0.001 0.7087504708082256 43 300 50 5e-11
v 144 128 144 96 0 0 40 12 0 0 0.5
v 144 160 144 128 0 0 40 12 0 0 0.5
v 144 192 144 160 0 0 40 12 0 0 0.5
v 144 224 144 192 0 0 40 12 0 0 0.5
v 736 160 736 96 0 0 40 24 0 0 0.5
g 736 160 736 176 0 0
209 272 128 272 192 0 0.00009999999999999999 44.090126812326645 0.001 1
s 176 64 208 64 0 1 false
w 176 64 144 64 0
w 272 64 272 128 0
w 272 256 272 192 0
181 384 128 384 256 0 300.0000000000003 100 48 0.01 0.01
w 272 64 336 64 0
w 336 64 384 64 0
r 400 64 448 64 0 90000
w 400 64 384 64 0
w 448 64 576 64 0
w 576 64 576 112 0
p 208 128 208 192 1 0 1
w 208 192 272 192 0
w 208 128 272 128 0
s 384 96 384 128 0 1 false
w 384 96 384 64 0
404 208 64 272 64 1 0.03 30000 0 false
s 48 64 80 64 0 1 true
s 48 160 80 160 0 1 true
s 48 256 80 256 0 1 true
w 128 256 144 256 0
w 128 160 144 160 0
w 128 64 144 64 0
g 48 64 32 64 0 0
g 48 160 32 160 0 0
g 48 256 32 256 0 0
r 80 64 128 64 0 1000
r 80 160 128 160 0 1000
r 80 256 128 256 0 1000
r 576 112 576 160 0 10000
p 624 112 624 160 1 0 1
w 576 160 624 160 0
w 624 112 576 112 0
p 768 96 768 160 1 0 0
w 768 160 736 160 0
w 736 96 768 96 0
207 272 64 320 16 4 LV\p\s(DC\sbus)
207 736 96 768 64 4 LV\p
207 768 160 800 192 4 LV-\s(ground)
370 144 96 144 64 1 0 1
370 144 256 144 224 1 0 1
x 168 24 210 27 4 24 sw3
x 407 115 449 118 4 24 sw4
b 480 -16 844 327 0
x 503 18 684 21 4 24 Low\sVoltage\sPart
x 73 374 570 377 4 24 Start:\ssw1\son,\ssw2\son,\ssw3\son,\ssw2\soff,\ssw4\son
x 73 412 567 415 4 24 Stop:\ssw4\soff,\ssw3\soff,\ssw1\soff,\ssw5\son,\ssw5\soff
g 144 256 144 272 0 0
g 272 256 272 272 0 0
g 384 256 384 272 0 0
g 576 160 576 176 0 0
