$ 1 5.0E-6 0.9891409633455756 35 5.0 43
w 288 144 288 240 0
w 288 240 288 336 0
181 384 176 416 176 0 2488.1968534323387 12.0 12.0 0.04 0.04
181 432 304 464 304 0 735.9591141882416 12.0 12.0 0.04 0.04
d 416 176 464 176 1 0.805904783
d 432 304 384 304 1 0.805904783
R 688 32 752 32 0 0 40.0 18.0 0.0 0.0 0.5
R 688 448 752 448 0 0 40.0 -18.0 0.0 0.0 0.5
w 288 368 288 448 0
w 288 112 288 32 0
x 395 225 455 231 0 24 Motor
r 608 32 688 32 0 0.1
r 608 448 688 448 0 0.1
w 384 240 384 176 0
w 384 240 384 304 0
w 464 176 464 240 0
w 464 240 464 304 0
f 240 128 288 128 0 1.5
f 240 352 288 352 0 1.5
160 224 32 224 96 0 20.0 1.0E10
w 240 96 240 128 0
w 208 96 208 352 0
w 208 352 240 352 0
r 208 352 208 448 0 100000.0
r 240 128 240 224 0 100000.0
w 208 448 240 448 0
w 240 448 288 448 0
w 240 224 240 240 0
w 240 64 192 64 0
a 112 64 192 64 1 15.0 -15.0 1000000.0
R 80 80 48 80 0 3 1000.0 5.0 0.0 0.0 0.5
w 80 80 112 80 0
l 320 240 384 240 2 0.1 0.07099657031011328
w 240 240 288 240 0
d 320 240 320 32 1 0.805904783
d 320 448 320 240 1 0.805904783
w 288 32 320 32 0
w 320 240 288 240 0
w 320 448 288 448 0
R 112 48 80 48 0 1 40.0 5.0 0.0 0.0 0.5
v 288 32 224 32 0 0 40.0 15.0 0.0 0.0 0.5
v 576 32 512 32 0 0 40.0 15.0 0.0 0.0 0.5
w 608 448 576 448 0
w 608 240 576 240 0
w 576 32 608 32 0
d 608 448 608 240 1 0.805904783
d 608 240 608 32 1 0.805904783
w 528 240 576 240 0
w 528 64 480 64 0
w 528 224 528 240 0
w 528 448 576 448 0
w 496 448 528 448 0
r 528 128 528 224 0 100000.0
r 496 352 496 448 0 100000.0
w 496 352 528 352 0
w 496 96 496 352 0
w 528 96 528 128 0
160 512 32 512 96 0 20.0 1.0E10
f 528 352 576 352 0 1.5
f 528 128 576 128 0 1.5
w 576 112 576 32 0
w 576 368 576 448 0
w 576 240 576 336 0
w 576 144 576 240 0
w 320 32 512 32 0
w 320 448 496 448 0
w 464 240 528 240 0
I 416 64 448 64 0 0.5
w 448 64 480 64 0
w 416 64 240 64 0
o 39 64 0 35 5.0 9.765625E-5 0 -1
o 28 64 0 35 20.0 9.765625E-5 1 -1
o 32 64 0 33 40.0 3.2 2 -1
