$ 1 1.0E-6 1.1208435524800693 50 5.0 50
w 352 208 304 208 0
R 304 144 304 112 0 0 40.0 5.0 0.0 0.0 0.5
M 448 176 448 144 0 2.5
w 336 176 384 176 0
w 384 176 416 176 0
g 384 224 384 240 0
l 480 176 544 176 0 0.02 0.021507466742863576
r 544 176 608 176 0 40.0
I 240 176 272 176 0 0.5
w 208 176 240 176 0
c 400 224 432 224 0 1.0E-8 -4.6812348875772445
v 208 176 208 224 0 1 120.0 5.0 -2.5 0.0 0.5
g 208 224 208 240 0
w 272 176 304 176 0
g 208 368 208 384 0
v 208 320 208 368 0 1 120.0 5.0 -2.5 2.0943951023931953 0.5
w 208 320 240 320 0
I 240 320 272 320 0 0.5
g 208 512 208 528 0
v 208 464 208 512 0 1 120.0 5.0 -2.5 4.1887902047863905 0.5
w 208 464 240 464 0
I 240 464 272 464 0 0.5
R 384 128 416 128 0 0 40.0 5.0 0.0 0.0 0.5
T 304 144 336 176 0 1000000.0 1.0 1.4066500000079486E-7 1.4096470914803157E-21 0.999
f 352 208 384 208 0 1.5
f 352 144 384 144 0 1.5
w 384 160 384 176 0
w 384 192 384 176 0
w 304 208 304 176 0
r 448 176 448 224 0 1000.0
r 448 320 448 368 0 1000.0
w 304 352 304 320 0
w 384 336 384 320 0
w 384 304 384 320 0
f 352 288 384 288 0 1.5
f 352 352 384 352 0 1.5
T 304 288 336 320 0 1000000.0 1.0 1.545500000007904E-7 4.293203825000538E-22 0.999
R 384 272 416 272 0 0 40.0 5.0 0.0 0.0 0.5
w 272 320 304 320 0
c 400 368 432 368 0 1.0E-8 -4.47598936589811
r 544 320 608 320 0 40.0
l 480 320 544 320 0 0.02 0.033763755986443815
g 384 368 384 384 0
w 384 320 416 320 0
w 336 320 384 320 0
M 448 320 448 288 0 2.5
R 304 288 304 256 0 0 40.0 5.0 0.0 0.0 0.5
w 352 352 304 352 0
r 448 464 448 512 0 1000.0
w 304 496 304 464 0
w 384 480 384 464 0
w 384 448 384 464 0
f 352 432 384 432 0 1.5
f 352 496 384 496 0 1.5
T 304 432 336 464 0 1000000.0 1.0 1.486475000007984E-7 1.4761851274741764E-26 0.999
R 384 416 416 416 0 0 40.0 5.0 0.0 0.0 0.5
w 272 464 304 464 0
c 400 512 432 512 0 1.0E-8 -0.9047598185762606
r 544 464 608 464 0 40.0
l 480 464 544 464 0 0.02 -0.05527122272930738
g 384 512 384 528 0
w 384 464 416 464 0
w 336 464 384 464 0
M 448 464 448 432 0 2.5
R 304 432 304 400 0 0 40.0 5.0 0.0 0.0 0.5
w 352 496 304 496 0
w 336 144 352 144 0
w 336 288 352 288 0
w 336 432 352 432 0
w 416 464 448 464 0
w 480 464 448 464 0
w 400 512 384 512 0
w 432 512 448 512 0
w 432 368 448 368 0
w 400 368 384 368 0
w 384 224 400 224 0
w 432 224 448 224 0
w 416 176 448 176 0
w 480 176 448 176 0
w 480 320 448 320 0
w 416 320 448 320 0
w 608 320 656 320 0
w 656 320 688 256 0
w 656 320 688 384 0
w 688 384 688 464 0
w 688 464 608 464 0
w 688 256 688 176 0
w 688 176 608 176 0
o 7 64 0 35 2.5 0.1 0 -1
