$ 1 1.0E-6 1.1208435524800693 50 5.0 50
w 288 208 288 240 0
T 240 160 192 112 0 1000000.0 1.0 -1.3877787733488377E-17 4.3560000013848844E-8 0.999
w 288 272 288 288 0
w 240 256 192 256 0
w 192 208 192 256 0
R 192 160 192 128 0 0 40.0 5.0 0.0 0.0 0.5
R 384 128 384 96 0 0 40.0 5.0 0.0 0.0 0.5
w 288 176 288 208 0
M 320 208 320 176 0 2.5
f 528 160 480 160 0 1.5
f 240 160 288 160 0 1.5
f 240 256 288 256 0 1.5
f 528 256 480 256 0 1.5
M 448 208 448 176 0 2.5
R 576 160 576 128 0 0 40.0 5.0 0.0 0.0 0.5
T 576 160 528 112 0 1000000.0 1.0 4.798249999998367E-8 3.42632711158075E-24 0.999
w 240 208 288 208 0
w 288 208 320 208 0
w 448 208 480 208 0
w 480 208 480 176 0
w 480 208 480 240 0
w 480 208 528 208 0
w 480 272 480 288 0
g 480 288 480 304 0
g 288 288 288 304 0
L 192 176 160 176 0 1 false 5.0 0.0
w 528 256 576 256 0
w 576 208 576 256 0
L 192 368 160 368 0 0 false 5.0 0.0
I 384 336 416 336 0 0.5
w 416 336 576 336 0
w 576 336 576 256 0
M 576 256 608 256 0 2.5
l 320 208 384 208 0 0.02 -0.058170847656797406
r 384 208 448 208 0 40.0
I 128 208 160 208 0 0.5
w 96 208 128 208 0
w 192 336 384 336 0
r 448 208 448 272 0 1000.0
c 448 272 480 272 0 1.0E-8 4.0420821647750165
c 288 272 320 272 0 1.0E-8 -0.9560350955579611
r 320 208 320 272 0 1000.0
v 96 208 96 256 0 3 5000.0 5.0 -2.5 0.0 0.5
v 96 256 96 304 0 1 120.0 5.0 0.0 0.0 0.5
g 96 304 96 320 0
w 288 144 384 144 0
w 384 144 480 144 0
w 384 144 384 128 0
w 160 208 160 336 0
w 160 208 192 208 0
w 160 336 192 336 0
o 11 64 0 35 20.0 0.2 0 -1
o 34 64 0 35 5.0 0.1 1 -1
o 47 64 0 35 5.0 0.1 2 -1
