$ 1 1.0E-6 0.5999443210467817 49 5.0 50
R 208 176 176 176 0 4 100.0 2.5 2.5 0.0 0.5
r 208 176 208 240 0 1000.0
t 224 240 256 240 0 1 -4.3784999995766 0.5976384356196588 100.0
w 224 240 208 240 0
r 256 224 320 224 0 10.0
R 320 224 320 192 0 0 40.0 5.0 0.0 0.0 0.5
g 256 256 256 272 0
g 400 256 400 272 0
R 464 224 464 192 0 0 40.0 5.0 0.0 0.0 0.5
r 400 224 464 224 0 10.0
w 368 240 352 240 0
r 352 176 352 240 0 1000.0
g 576 272 576 288 0
R 640 224 640 192 0 0 40.0 5.0 0.0 0.0 0.5
r 576 224 640 224 0 10.0
w 512 240 496 240 0
t 544 256 576 256 0 1 -4.5588261491235915 0.44112780668130225 100.0
r 496 176 496 240 0 1000.0
w 208 176 352 176 0
w 496 176 352 176 0
f 368 240 400 240 0 1.5
f 512 240 544 240 0 1.5
w 544 224 576 224 0
w 576 224 576 240 0
o 1 64 0 35 5.0 0.0125 0 -1
o 11 64 0 35 7.62939453125E-5 9.765625E-5 0 -1
o 17 64 0 35 7.62939453125E-5 9.765625E-5 0 -1
o 4 64 0 291 5.0 0.8 1 -1
o 9 64 0 291 1.25 0.2 1 -1
o 14 64 0 291 5.0 0.8 1 -1
